-2.0932086090583004
0.016616364271034634
1.4752612238477278
6.826974708906145
11.990303959529388
17.454551049301458
27.110962687923983
36.56736103653969
49.15855150929905
60.20985155800957
76.16800953676403
91.88219241359587
106.44115097769611
125.69259350843262
146.37119053097018
169.58200445654944
191.14453020413976
217.15890411545683
242.49342717406765
269.3682958429743
299.58005724230355
330.63753603021604
363.0014952743695
395.9918279744302
432.70583224053314
468.0383703074907
507.68772334217533
546.7752261616555
588.1794951798779
631.0789663928576
674.6018333885218
718.4453154881422
768.393877747675
816.4414392944615
868.6739757665308
918.5556694670812
971.0388684192809
1028.9667282593057
1083.5627145565575
1140.3972631546972
1200.4116246864678
1260.8552273318348
1323.6088768649208
1385.3141138363653
1452.4295974265026
1520.0014369159333
1587.2161578861626
1654.9182021741897
1730.1160963545778
1802.1745261069336
1874.624650203914
1950.4042512322249
2027.0639768329936
2106.9592266697687
2186.0496278830756
2268.880610376023
2351.566837922196
2436.52302106222
2522.497583061924
2609.877341405044
2700.525143713095
2790.549291784582
2882.7701626068842
2977.9709081125006
3071.829616898806
3168.1717249559733
3268.3073713323597
3365.1934059991154
3468.3171701108495
3570.3561727923798
3674.331641496495
3779.843115741642
3886.895892465701
3997.4580192715616
4107.292696434724
4219.322564600272
4332.1211990516795
4446.183728630023
4563.160071430398
4681.9121362791
4799.219089992528
4921.013145036219
5043.53514159556
5166.739448383367
5291.788262158012
5418.683686866998
5546.7810291107635
5676.238972709042
5805.767122069619
5939.925333531389
6074.994690751784
6210.9136829729505
6348.5899393360005
6486.619902829153
6627.306889932115
6769.845198479061
6911.262644024081
7056.054658615255
7202.980546198148
7349.255546699404
